01000095
00100038
09000095
08100038
9a80000e
9a88000e
9a90000e
9a98000e
00800087
00880087
61a7fffb
69a00053
71a00053
a3000000
ab000000
c3000000
cb800000
b9800000
b2000000
0a900004
0a2ffffd
19118000
63b80003
8bb80000
93b80000
6bb8000f
40818000
73880009
30b98000
29118000
1100008e
49018000
5a180000
50900000
12080027
20120000
38918000
0a000006
0a80001b
7aa00000
c3800000
cb000000
82a00000
0d200001
0daffffe
0e300000
0eb80003
ae000000
d8000000
00000000
00000000
00000000
00000047	
00000000
00000000
00000000
00000000
00000000
00000000
00000000
00000000
0000000a
00000000
00000000
00000000
00000000
00000000
00000000
00000000
00000000
00000000
00000000
00000000
00000000
00000000
00000000
00000000
00000000
00000000
00000000
00000000
00000000
00000000
00000000
00000000
00000000
00000000
00000000
00000000
00000000
00000000
00000000
00000000
00000000
00000000
00000000
00000000
00000000
00000000
00000000
00000000
00000000
00000000
00000000
00000000
00000000
00000000
00000000
00000000
00000000
00000000
00000000
00000000
00000000
00000000
00000000
00000000
00000000
00000000
00000000
00000000
00000000
00000000
00000000
00000000
00000000
00000000
00000000
00000000
00000000
00000000
00000000
00000000
00000000
00000000
00000000
00000000
00000000
00000000
00000000
00000000
00000000
00000000
00000000
00000000
00000000
00000000
00000000
00000000
00000005
00000000
00000000
00000000
00000000
00000000
00000000
00000000
00000000
00000000
00000000
00000000
00000000
00000000
00000000
00000000
00000000
00000000
00000000
00000000
00000000
00000000
00000000
00000000